39
672
1 0.25 0.25 -1 74 5 8192 -1
1 0.5 0.25 -1 69 5 8192 -1
1 0.75 0.25 -1 66 5 8192 -1
1 1 0.25 -1 62 5 8192 -1
1 1.5 0.5 -1 57 5 8192 -1
1 1.75 0.25 -1 71 5 8192 -1
1 2 0.25 -1 68 5 8192 -1
1 2.25 0.25 -1 62 5 8192 -1
1 2.5 0.25 -1 59 5 8192 -1
1 3 0.5 -1 56 5 8192 -1
2 0.25 0.25 -1 62 5 8192 -1
2 0.5 0.25 -1 57 5 8192 -1
2 0.75 0.25 -1 54 5 8192 -1
2 1 0.25 -1 50 5 8192 -1
2 1.5 0.5 -1 45 5 8192 -1
2 1.75 0.25 -1 59 5 8192 -1
2 2 0.25 -1 56 5 8192 -1
2 2.25 0.25 -1 50 5 8192 -1
2 2.5 0.25 -1 47 5 8192 -1
2 3 0.5 -1 44 5 8192 -1
3 1 0.5 -1 45 5 8192 -1
3 1.5 0.5 -1 47 5 8192 -1
3 2 0.5 -1 49 5 8192 -1
3 2.5 0.5 -1 50 5 8192 -1
3 3 0.5 -1 52 5 8192 -1
3 3 1.5 -1 33 5 8192 -1
3 3 3 -1 21 5 8192 -1
4 1 0.5 -1 45 5 8192 -1
4 1 0.5 -1 57 5 8192 -1
4 1.5 0.5 -1 47 5 8192 -1
4 1.5 0.5 -1 59 5 8192 -1
4 2 0.5 -1 49 5 8192 -1
4 2 0.5 -1 61 5 8192 -1
4 2.5 0.5 -1 50 5 8192 -1
4 2.5 0.5 -1 62 5 8192 -1
4 3 0.5 -1 52 5 8192 -1
4 3 0.5 -1 64 5 8192 -1
4 3 1.5 -1 33 5 8192 -1
4 3 3 -1 21 5 8192 -1
5 1 0.5 -1 57 5 8192 -1
5 1 0.5 -1 69 5 8192 -1
5 1.5 0.5 -1 59 5 8192 -1
5 1.5 0.5 -1 71 5 8192 -1
5 2 0.5 -1 61 5 8192 -1
5 2 0.5 -1 73 5 8192 -1
5 2.5 0.5 -1 62 5 8192 -1
5 2.5 0.5 -1 74 5 8192 -1
5 3 0.5 -1 64 5 8192 -1
5 3 0.5 -1 76 5 8192 -1
5 3 1.5 -1 33 5 8192 -1
5 3 3 -1 21 5 8192 -1
6 0.5 0.5 1.5 33 5 8192 -1
6 0.5 0.5 1.5 69 5 8192 -1
6 0.5 0.5 1.5 81 5 8192 -1
7 0.5 0.5 -1 26 5 8192 -1
7 1 0.5 -1 38 5 8192 -1
7 1 0.5 -1 42 5 8192 -1
7 1 0.5 -1 54 5 8192 -1
7 1.5 0.5 -1 38 5 8192 -1
7 1.5 0.5 -1 42 5 8192 -1
7 1.5 0.5 -1 55 5 8192 -1
7 2 0.5 -1 33 5 8192 -1
7 2.25 0.75 -1 57 5 8192 -1
7 2.5 0.25 -1 59 5 8192 -1
7 2.5 0.5 -1 37 5 8192 -1
7 2.5 0.5 -1 41 5 8192 -1
7 3 0.5 -1 37 5 8192 -1
7 3 0.5 -1 41 5 8192 -1
7 3 0.5 -1 61 5 8192 -1
8 0.5 0.5 -1 26 5 8192 -1
8 0.75 0.75 -1 62 5 8192 -1
8 1 0.25 -1 61 5 8192 -1
8 1 0.5 -1 38 5 8192 -1
8 1 0.5 -1 42 5 8192 -1
8 1.5 0.5 -1 38 5 8192 -1
8 1.5 0.5 -1 42 5 8192 -1
8 1.5 0.5 -1 62 5 8192 -1
8 2 0.5 -1 33 5 8192 -1
8 2.5 0.5 -1 37 5 8192 -1
8 2.5 0.5 -1 41 5 8192 -1
8 2.5 1 -1 62 5 8192 -1
8 3 0.5 -1 37 5 8192 -1
8 3 0.5 -1 41 5 8192 -1
8 3 0.5 -1 59 5 8192 -1
9 0.5 0.5 -1 26 5 8192 -1
9 1 0.5 -1 38 5 8192 -1
9 1 0.5 -1 42 5 8192 -1
9 1.5 0.5 -1 38 5 8192 -1
9 1.5 0.5 -1 42 5 8192 -1
9 2 0.5 -1 33 5 8192 -1
9 2.5 0.5 -1 37 5 8192 -1
9 2.5 0.5 -1 41 5 8192 -1
9 3 0.5 -1 37 5 8192 -1
9 3 0.5 -1 41 5 8192 -1
9 3 3 -1 57 5 8192 -1
10 0.5 0.25 -1 74 5 8192 -1
10 0.5 0.5 -1 26 5 8192 -1
10 0.75 0.25 -1 69 5 8192 -1
10 1 0.25 -1 66 5 8192 -1
10 1 0.5 -1 38 5 8192 -1
10 1 0.5 -1 42 5 8192 -1
10 1.25 0.25 -1 62 5 8192 -1
10 1.5 0.25 -1 57 5 8192 -1
10 1.5 0.5 -1 38 5 8192 -1
10 1.5 0.5 -1 42 5 8192 -1
10 1.75 0.25 -1 71 5 8192 -1
10 2 0.25 -1 68 5 8192 -1
10 2 0.5 -1 33 5 8192 -1
10 2.25 0.25 -1 62 5 8192 -1
10 2.5 0.25 -1 59 5 8192 -1
10 2.5 0.5 -1 37 5 8192 -1
10 2.5 0.5 -1 41 5 8192 -1
10 2.75 0.25 -1 56 5 8192 -1
10 3 0.25 -1 50 5 8192 -1
10 3 0.5 -1 37 5 8192 -1
10 3 0.5 -1 41 5 8192 -1
11 0.5 0.5 -1 26 5 8192 -1
11 1 0.5 -1 38 5 8192 -1
11 1 0.5 -1 42 5 8192 -1
11 1 0.5 -1 54 5 8192 -1
11 1.5 0.5 -1 38 5 8192 -1
11 1.5 0.5 -1 42 5 8192 -1
11 1.5 0.5 -1 55 5 8192 -1
11 2 0.5 -1 33 5 8192 -1
11 2.25 0.75 -1 57 5 8192 -1
11 2.5 0.25 -1 59 5 8192 -1
11 2.5 0.5 -1 37 5 8192 -1
11 2.5 0.5 -1 41 5 8192 -1
11 3 0.5 -1 37 5 8192 -1
11 3 0.5 -1 41 5 8192 -1
11 3 0.5 -1 61 5 8192 -1
12 0.5 0.5 -1 26 5 8192 -1
12 0.75 0.75 -1 62 5 8192 -1
12 1 0.25 -1 61 5 8192 -1
12 1 0.5 -1 38 5 8192 -1
12 1 0.5 -1 42 5 8192 -1
12 1.5 0.5 -1 38 5 8192 -1
12 1.5 0.5 -1 42 5 8192 -1
12 1.5 0.5 -1 62 5 8192 -1
12 2 0.5 -1 33 5 8192 -1
12 2.5 0.5 -1 37 5 8192 -1
12 2.5 0.5 -1 41 5 8192 -1
12 2.5 1 -1 62 5 8192 -1
12 3 0.5 -1 37 5 8192 -1
12 3 0.5 -1 41 5 8192 -1
12 3 0.5 -1 59 5 8192 -1
13 0.5 0.5 -1 26 5 8192 -1
13 1 0.5 -1 38 5 8192 -1
13 1 0.5 -1 42 5 8192 -1
13 1.5 0.5 -1 38 5 8192 -1
13 1.5 0.5 -1 42 5 8192 -1
13 2 0.5 -1 33 5 8192 -1
13 2.5 0.5 -1 37 5 8192 -1
13 2.5 0.5 -1 41 5 8192 -1
13 3 0.5 -1 37 5 8192 -1
13 3 0.5 -1 41 5 8192 -1
13 3 3 -1 57 5 8192 -1
14 0.5 0.5 -1 26 5 8192 -1
14 0.75 0.25 -1 71 5 8192 -1
14 1 0.25 -1 68 5 8192 -1
14 1 0.5 -1 38 5 8192 -1
14 1 0.5 -1 42 5 8192 -1
14 1.25 0.25 -1 62 5 8192 -1
14 1.5 0.25 -1 59 5 8192 -1
14 1.5 0.5 -1 38 5 8192 -1
14 1.5 0.5 -1 42 5 8192 -1
14 1.75 0.25 -1 74 5 8192 -1
14 2 0.25 -1 69 5 8192 -1
14 2 0.5 -1 33 5 8192 -1
14 2.25 0.25 -1 66 5 8192 -1
14 2.5 0.25 -1 62 5 8192 -1
14 2.5 0.5 -1 37 5 8192 -1
14 2.5 0.5 -1 41 5 8192 -1
14 3 0.5 -1 37 5 8192 -1
14 3 0.5 -1 41 5 8192 -1
14 3 0.5 -1 69 5 8192 -1
15 0.5 0.5 -1 16 5 8192 -1
15 1 0.5 -1 31 5 8192 -1
15 1 0.5 -1 35 5 8192 -1
15 1 0.5 -1 52 5 8192 -1
15 1.5 0.5 -1 31 5 8192 -1
15 1.5 0.5 -1 35 5 8192 -1
15 1.5 0.5 -1 54 5 8192 -1
15 2 0.5 -1 23 5 8192 -1
15 2.25 0.75 -1 55 5 8192 -1
15 2.5 0.25 -1 59 5 8192 -1
15 2.5 0.5 -1 31 5 8192 -1
15 2.5 0.5 -1 35 5 8192 -1
15 3 0.5 -1 31 5 8192 -1
15 3 0.5 -1 35 5 8192 -1
15 3 0.5 -1 62 5 8192 -1
16 0.5 0.5 -1 26 5 8192 -1
16 1 0.5 -1 38 5 8192 -1
16 1 0.5 -1 42 5 8192 -1
16 1 1 -1 64 5 8192 -1
16 1.5 0.5 -1 38 5 8192 -1
16 1.5 0.5 -1 42 5 8192 -1
16 1.5 0.5 -1 69 5 8192 -1
16 2 0.5 -1 33 5 8192 -1
16 2.5 0.5 -1 37 5 8192 -1
16 2.5 0.5 -1 41 5 8192 -1
16 2.5 1 -1 62 5 8192 -1
16 3 0.5 -1 38 5 8192 -1
16 3 0.5 -1 42 5 8192 -1
17 0.5 0.5 -1 16 5 8192 -1
17 0.75 0.75 -1 61 5 8192 -1
17 1 0.25 -1 62 5 8192 -1
17 1 0.5 -1 31 5 8192 -1
17 1 0.5 -1 35 5 8192 -1
17 1.5 0.5 -1 31 5 8192 -1
17 1.5 0.5 -1 35 5 8192 -1
17 1.5 0.5 -1 64 5 8192 -1
17 2 0.5 -1 23 5 8192 -1
17 2.5 0.5 -1 31 5 8192 -1
17 2.5 0.5 -1 35 5 8192 -1
17 2.5 1 -1 59 5 8192 -1
17 3 0.5 -1 31 5 8192 -1
17 3 0.5 -1 35 5 8192 -1
17 3 0.5 -1 61 5 8192 -1
18 0.5 0.5 -1 26 5 8192 -1
18 0.5 0.5 -1 57 5 8192 -1
18 1 0.5 -1 38 5 8192 -1
18 1 0.5 -1 42 5 8192 -1
18 1 0.5 -1 69 5 8192 -1
18 1.5 0.5 -1 38 5 8192 -1
18 1.5 0.5 -1 42 5 8192 -1
18 1.5 0.5 -1 62 5 8192 -1
18 1.75 0.25 -1 61 5 8192 -1
18 1.75 0.25 -1 65 5 8192 -1
18 2 0.25 -1 62 5 8192 -1
18 2 0.25 -1 66 5 8192 -1
18 2 0.5 -1 33 5 8192 -1
18 2.25 0.25 -1 63 5 8192 -1
18 2.25 0.25 -1 67 5 8192 -1
18 2.5 0.25 -1 64 5 8192 -1
18 2.5 0.25 -1 68 5 8192 -1
18 2.5 0.5 -1 37 5 8192 -1
18 2.5 0.5 -1 41 5 8192 -1
18 2.75 0.25 -1 65 5 8192 -1
18 2.75 0.25 -1 69 5 8192 -1
18 3 0.25 -1 66 5 8192 -1
18 3 0.25 -1 70 5 8192 -1
18 3 0.5 -1 38 5 8192 -1
18 3 0.5 -1 42 5 8192 -1
19 0.5 0.5 -1 16 5 8192 -1
19 0.5 0.5 -1 67 5 8192 -1
19 0.5 0.5 -1 71 5 8192 -1
19 1 0.5 -1 31 5 8192 -1
19 1 0.5 -1 35 5 8192 -1
19 1 0.5 -1 38 5 8192 -1
19 1 0.5 -1 52 5 8192 -1
19 1.5 0.5 -1 31 5 8192 -1
19 1.5 0.5 -1 35 5 8192 -1
19 1.5 0.5 -1 38 5 8192 -1
19 1.5 0.5 -1 54 5 8192 -1
19 2 0.5 -1 23 5 8192 -1
19 2.25 0.75 -1 55 5 8192 -1
19 2.5 0.25 -1 59 5 8192 -1
19 2.5 0.5 -1 31 5 8192 -1
19 2.5 0.5 -1 35 5 8192 -1
19 2.5 0.5 -1 38 5 8192 -1
19 3 0.5 -1 31 5 8192 -1
19 3 0.5 -1 35 5 8192 -1
19 3 0.5 -1 38 5 8192 -1
19 3 0.5 -1 62 5 8192 -1
20 0.5 0.5 -1 26 5 8192 -1
20 1 0.5 -1 38 5 8192 -1
20 1 0.5 -1 42 5 8192 -1
20 1 1 -1 64 5 8192 -1
20 1.5 0.5 -1 38 5 8192 -1
20 1.5 0.5 -1 42 5 8192 -1
20 1.5 0.5 -1 69 5 8192 -1
20 2 0.5 -1 33 5 8192 -1
20 2.5 0.5 -1 37 5 8192 -1
20 2.5 0.5 -1 41 5 8192 -1
20 2.5 1 -1 62 5 8192 -1
20 3 0.5 -1 38 5 8192 -1
20 3 0.5 -1 42 5 8192 -1
21 0.5 0.5 -1 28 5 8192 -1
21 0.5 0.5 -1 35 5 8192 -1
21 0.5 0.5 -1 38 5 8192 -1
21 0.5 0.5 -1 61 5 8192 -1
21 1 0.5 -1 62 5 8192 -1
21 1.5 0.5 -1 64 5 8192 -1
21 2 0.5 -1 21 5 8192 -1
21 2 0.5 -1 28 5 8192 -1
21 2 0.5 -1 31 5 8192 -1
21 2.5 1 -1 59 5 8192 -1
21 3 0.5 -1 61 5 8192 -1
22 0.5 0.5 -1 14 5 8192 -1
22 0.5 0.5 -1 26 5 8192 -1
22 1 0.5 -1 50 5 8192 -1
22 1 0.5 -1 54 5 8192 -1
22 1 0.5 -1 57 5 8192 -1
22 1.5 0.5 -1 50 5 8192 -1
22 1.5 0.5 -1 54 5 8192 -1
22 1.5 0.5 -1 57 5 8192 -1
22 2 0.5 -1 21 5 8192 -1
22 2 0.5 -1 33 5 8192 -1
22 2.5 0.5 -1 50 5 8192 -1
22 2.5 0.5 -1 54 5 8192 -1
22 2.5 0.5 -1 57 5 8192 -1
22 3 0.5 -1 50 5 8192 -1
22 3 0.5 -1 54 5 8192 -1
22 3 0.5 -1 57 5 8192 -1
22 3 3 -1 62 5 8192 -1
23 0.5 0.5 -1 14 5 8192 -1
23 0.5 0.5 -1 26 5 8192 -1
23 1 0.5 -1 50 5 8192 -1
23 1 0.5 -1 54 5 8192 -1
23 1 0.5 -1 57 5 8192 -1
23 1.5 0.5 -1 50 5 8192 -1
23 1.5 0.5 -1 54 5 8192 -1
23 1.5 0.5 -1 57 5 8192 -1
23 2 0.5 -1 21 5 8192 -1
23 2 0.5 -1 33 5 8192 -1
23 2.5 0.5 -1 50 5 8192 -1
23 2.5 0.5 -1 54 5 8192 -1
23 2.5 0.5 -1 57 5 8192 -1
23 3 0.5 -1 50 5 8192 -1
23 3 0.5 -1 54 5 8192 -1
23 3 0.5 -1 57 5 8192 -1
24 0.5 0.5 -1 26 5 8192 -1
24 1 0.5 -1 33 5 8192 -1
24 1 0.5 -1 38 5 8192 -1
24 1 0.5 -1 42 5 8192 -1
24 1 0.5 -1 54 5 8192 -1
24 1 0.5 -1 66 5 8192 -1
24 1.5 0.5 -1 33 5 8192 -1
24 1.5 0.5 -1 38 5 8192 -1
24 1.5 0.5 -1 42 5 8192 -1
24 1.5 0.5 -1 55 5 8192 -1
24 1.5 0.5 -1 67 5 8192 -1
24 2 0.5 -1 33 5 8192 -1
24 2.25 0.75 -1 57 5 8192 -1
24 2.25 0.75 -1 69 5 8192 -1
24 2.5 0.25 -1 59 5 8192 -1
24 2.5 0.25 -1 71 5 8192 -1
24 2.5 0.5 -1 33 5 8192 -1
24 2.5 0.5 -1 37 5 8192 -1
24 2.5 0.5 -1 41 5 8192 -1
24 3 0.5 -1 33 5 8192 -1
24 3 0.5 -1 37 5 8192 -1
24 3 0.5 -1 41 5 8192 -1
24 3 0.5 -1 61 5 8192 -1
24 3 0.5 -1 73 5 8192 -1
25 0.5 0.5 -1 26 5 8192 -1
25 0.75 0.75 -1 62 5 8192 -1
25 0.75 0.75 -1 74 5 8192 -1
25 1 0.25 -1 61 5 8192 -1
25 1 0.25 -1 73 5 8192 -1
25 1 0.5 -1 33 5 8192 -1
25 1 0.5 -1 38 5 8192 -1
25 1 0.5 -1 42 5 8192 -1
25 1.5 0.5 -1 33 5 8192 -1
25 1.5 0.5 -1 38 5 8192 -1
25 1.5 0.5 -1 42 5 8192 -1
25 1.5 0.5 -1 62 5 8192 -1
25 1.5 0.5 -1 74 5 8192 -1
25 2 0.5 -1 33 5 8192 -1
25 2.5 0.5 -1 33 5 8192 -1
25 2.5 0.5 -1 37 5 8192 -1
25 2.5 0.5 -1 41 5 8192 -1
25 2.5 1 -1 62 5 8192 -1
25 2.5 1 -1 74 5 8192 -1
25 3 0.5 -1 33 5 8192 -1
25 3 0.5 -1 37 5 8192 -1
25 3 0.5 -1 41 5 8192 -1
25 3 0.5 -1 59 5 8192 -1
25 3 0.5 -1 71 5 8192 -1
26 0.5 0.5 -1 26 5 8192 -1
26 0.75 0.25 -1 57 5 8192 -1
26 0.75 0.25 -1 62 5 8192 -1
26 1 0.25 -1 57 5 8192 -1
26 1 0.25 -1 62 5 8192 -1
26 1 0.5 -1 33 5 8192 -1
26 1 0.5 -1 38 5 8192 -1
26 1 0.5 -1 42 5 8192 -1
26 1.5 0.5 -1 33 5 8192 -1
26 1.5 0.5 -1 38 5 8192 -1
26 1.5 0.5 -1 42 5 8192 -1
26 1.5 0.5 -1 57 5 8192 -1
26 1.5 0.5 -1 62 5 8192 -1
26 2 0.5 -1 33 5 8192 -1
26 2.25 0.25 -1 57 5 8192 -1
26 2.25 0.25 -1 61 5 8192 -1
26 2.5 0.25 -1 57 5 8192 -1
26 2.5 0.25 -1 61 5 8192 -1
26 2.5 0.5 -1 29 5 8192 -1
26 2.5 0.5 -1 33 5 8192 -1
26 2.5 0.5 -1 37 5 8192 -1
26 3 0.5 -1 29 5 8192 -1
26 3 0.5 -1 33 5 8192 -1
26 3 0.5 -1 37 5 8192 -1
26 3 0.5 -1 57 5 8192 -1
26 3 0.5 -1 61 5 8192 -1
26 3 3 -1 57 5 8192 -1
26 3 3 -1 69 5 8192 -1
27 0.5 0.25 -1 62 5 8192 -1
27 0.5 0.5 -1 20 5 8192 -1
27 0.5 0.5 -1 26 5 8192 -1
27 0.75 0.25 -1 57 5 8192 -1
27 1 0.25 -1 54 5 8192 -1
27 1.25 0.25 -1 50 5 8192 -1
27 1.5 0.25 -1 45 5 8192 -1
27 1.5 1 -1 21 5 8192 -1
27 1.5 1 -1 30 5 8192 -1
27 1.75 0.25 -1 59 5 8192 -1
27 2 0.25 -1 56 5 8192 -1
27 2 0.5 -1 21 5 8192 -1
27 2 0.5 -1 33 5 8192 -1
27 2.25 0.25 -1 53 5 8192 -1
27 2.5 0.25 -1 50 5 8192 -1
27 2.75 0.25 -1 47 5 8192 -1
27 3 0.25 -1 44 5 8192 -1
27 3 1 -1 30 5 8192 -1
27 3 1 -1 37 5 8192 -1
28 0.5 0.5 -1 26 5 8192 -1
28 1 0.5 -1 33 5 8192 -1
28 1 0.5 -1 38 5 8192 -1
28 1 0.5 -1 42 5 8192 -1
28 1 0.5 -1 54 5 8192 -1
28 1 0.5 -1 66 5 8192 -1
28 1.5 0.5 -1 33 5 8192 -1
28 1.5 0.5 -1 38 5 8192 -1
28 1.5 0.5 -1 42 5 8192 -1
28 1.5 0.5 -1 55 5 8192 -1
28 1.5 0.5 -1 67 5 8192 -1
28 2 0.5 -1 33 5 8192 -1
28 2.25 0.75 -1 57 5 8192 -1
28 2.25 0.75 -1 69 5 8192 -1
28 2.5 0.25 -1 59 5 8192 -1
28 2.5 0.25 -1 71 5 8192 -1
28 2.5 0.5 -1 33 5 8192 -1
28 2.5 0.5 -1 37 5 8192 -1
28 2.5 0.5 -1 41 5 8192 -1
28 3 0.5 -1 33 5 8192 -1
28 3 0.5 -1 37 5 8192 -1
28 3 0.5 -1 41 5 8192 -1
28 3 0.5 -1 61 5 8192 -1
28 3 0.5 -1 73 5 8192 -1
29 0.5 0.5 -1 26 5 8192 -1
29 0.75 0.75 -1 62 5 8192 -1
29 0.75 0.75 -1 74 5 8192 -1
29 1 0.25 -1 61 5 8192 -1
29 1 0.25 -1 73 5 8192 -1
29 1 0.5 -1 33 5 8192 -1
29 1 0.5 -1 38 5 8192 -1
29 1 0.5 -1 42 5 8192 -1
29 1.5 0.5 -1 33 5 8192 -1
29 1.5 0.5 -1 38 5 8192 -1
29 1.5 0.5 -1 42 5 8192 -1
29 1.5 0.5 -1 62 5 8192 -1
29 1.5 0.5 -1 74 5 8192 -1
29 2 0.5 -1 33 5 8192 -1
29 2.5 0.5 -1 33 5 8192 -1
29 2.5 0.5 -1 37 5 8192 -1
29 2.5 0.5 -1 41 5 8192 -1
29 2.5 1 -1 62 5 8192 -1
29 2.5 1 -1 74 5 8192 -1
29 3 0.5 -1 33 5 8192 -1
29 3 0.5 -1 37 5 8192 -1
29 3 0.5 -1 41 5 8192 -1
29 3 0.5 -1 63 5 8192 -1
29 3 0.5 -1 75 5 8192 -1
30 0.5 0.5 -1 28 5 8192 -1
30 0.75 0.25 -1 67 5 8192 -1
30 0.75 0.25 -1 71 5 8192 -1
30 0.75 0.25 -1 76 5 8192 -1
30 1 0.25 -1 67 5 8192 -1
30 1 0.25 -1 71 5 8192 -1
30 1 0.25 -1 75 5 8192 -1
30 1 0.5 -1 35 5 8192 -1
30 1 0.5 -1 40 5 8192 -1
30 1 0.5 -1 43 5 8192 -1
30 1.5 0.5 -1 35 5 8192 -1
30 1.5 0.5 -1 40 5 8192 -1
30 1.5 0.5 -1 43 5 8192 -1
30 1.5 0.5 -1 67 5 8192 -1
30 1.5 0.5 -1 71 5 8192 -1
30 1.5 0.5 -1 76 5 8192 -1
30 2 0.5 -1 35 5 8192 -1
30 2.25 0.25 -1 64 5 8192 -1
30 2.25 0.25 -1 67 5 8192 -1
30 2.25 0.25 -1 71 5 8192 -1
30 2.5 0.25 -1 64 5 8192 -1
30 2.5 0.25 -1 67 5 8192 -1
30 2.5 0.25 -1 70 5 8192 -1
30 2.5 0.5 -1 35 5 8192 -1
30 2.5 0.5 -1 40 5 8192 -1
30 2.5 0.5 -1 43 5 8192 -1
30 3 0.5 -1 35 5 8192 -1
30 3 0.5 -1 40 5 8192 -1
30 3 0.5 -1 43 5 8192 -1
30 3 0.5 -1 64 5 8192 -1
30 3 0.5 -1 67 5 8192 -1
30 3 0.5 -1 71 5 8192 -1
30 3 3 -1 64 5 8192 -1
30 3 3 -1 76 5 8192 -1
31 0.5 0.5 -1 28 5 8192 -1
31 0.75 0.25 -1 67 5 8192 -1
31 0.75 0.25 -1 71 5 8192 -1
31 0.75 0.25 -1 76 5 8192 -1
31 1 0.25 -1 67 5 8192 -1
31 1 0.25 -1 71 5 8192 -1
31 1 0.25 -1 75 5 8192 -1
31 1 0.5 -1 35 5 8192 -1
31 1 0.5 -1 40 5 8192 -1
31 1 0.5 -1 43 5 8192 -1
31 1.5 0.5 -1 35 5 8192 -1
31 1.5 0.5 -1 40 5 8192 -1
31 1.5 0.5 -1 43 5 8192 -1
31 1.5 0.5 -1 67 5 8192 -1
31 1.5 0.5 -1 71 5 8192 -1
31 1.5 0.5 -1 76 5 8192 -1
31 2 0.5 -1 35 5 8192 -1
31 2.25 0.25 -1 64 5 8192 -1
31 2.25 0.25 -1 67 5 8192 -1
31 2.25 0.25 -1 71 5 8192 -1
31 2.5 0.25 -1 64 5 8192 -1
31 2.5 0.25 -1 67 5 8192 -1
31 2.5 0.25 -1 70 5 8192 -1
31 2.5 0.5 -1 35 5 8192 -1
31 2.5 0.5 -1 40 5 8192 -1
31 2.5 0.5 -1 43 5 8192 -1
31 3 0.5 -1 35 5 8192 -1
31 3 0.5 -1 40 5 8192 -1
31 3 0.5 -1 43 5 8192 -1
31 3 0.5 -1 64 5 8192 -1
31 3 0.5 -1 67 5 8192 -1
31 3 0.5 -1 71 5 8192 -1
32 0.5 0.5 -1 19 5 8192 -1
32 0.75 0.75 -1 79 5 8192 -1
32 1 0.25 -1 78 5 8192 -1
32 1 0.5 -1 31 5 8192 -1
32 1 0.5 -1 35 5 8192 -1
32 1 0.5 -1 37 5 8192 -1
32 1.5 0.5 -1 31 5 8192 -1
32 1.5 0.5 -1 35 5 8192 -1
32 1.5 0.5 -1 38 5 8192 -1
32 1.5 0.5 -1 76 5 8192 -1
32 2 0.5 -1 24 5 8192 -1
32 2 0.5 -1 79 5 8192 -1
32 2.5 0.5 -1 31 5 8192 -1
32 2.5 0.5 -1 35 5 8192 -1
32 2.5 0.5 -1 37 5 8192 -1
32 2.5 0.5 -1 78 5 8192 -1
32 3 0.5 -1 31 5 8192 -1
32 3 0.5 -1 35 5 8192 -1
32 3 0.5 -1 38 5 8192 -1
32 3 0.5 -1 76 5 8192 -1
33 0.5 0.5 -1 26 5 8192 -1
33 1 0.5 -1 37 5 8192 -1
33 1 0.5 -1 41 5 8192 -1
33 1 1 -1 78 5 8192 -1
33 1.5 0.5 -1 38 5 8192 -1
33 1.5 0.5 -1 42 5 8192 -1
33 1.5 0.5 -1 74 5 8192 -1
33 2 0.5 -1 21 5 8192 -1
33 2.5 0.5 -1 37 5 8192 -1
33 2.5 0.5 -1 41 5 8192 -1
33 2.5 1 -1 69 5 8192 -1
33 3 0.5 -1 38 5 8192 -1
33 3 0.5 -1 42 5 8192 -1
33 3 0.5 -1 50 5 8192 -1
33 3 0.5 -1 54 5 8192 -1
34 0.5 0.5 -1 16 5 8192 -1
34 0.5 0.5 -1 52 5 8192 -1
34 1 0.5 -1 28 5 8192 -1
34 1 0.5 -1 31 5 8192 -1
34 1 0.5 -1 34 5 8192 -1
34 1 0.5 -1 55 5 8192 -1
34 1.5 0.5 -1 28 5 8192 -1
34 1.5 0.5 -1 31 5 8192 -1
34 1.5 0.5 -1 35 5 8192 -1
34 1.5 0.5 -1 62 5 8192 -1
34 2 0.5 -1 21 5 8192 -1
34 2.5 0.5 -1 28 5 8192 -1
34 2.5 0.5 -1 31 5 8192 -1
34 2.5 0.5 -1 34 5 8192 -1
34 2.5 1 -1 62 5 8192 -1
34 3 0.5 -1 28 5 8192 -1
34 3 0.5 -1 31 5 8192 -1
34 3 0.5 -1 35 5 8192 -1
34 3 0.5 -1 64 5 8192 -1
35 0.5 0.5 -1 26 5 8192 -1
35 1 0.5 -1 37 5 8192 -1
35 1 0.5 -1 41 5 8192 -1
35 1.5 0.5 -1 38 5 8192 -1
35 1.5 0.5 -1 42 5 8192 -1
35 2 0.5 -1 21 5 8192 -1
35 2.5 0.5 -1 37 5 8192 -1
35 2.5 0.5 -1 41 5 8192 -1
35 3 0.5 -1 38 5 8192 -1
35 3 0.5 -1 42 5 8192 -1
35 3 3 -1 66 5 8192 -1
36 0.5 0.5 -1 19 5 8192 -1
36 0.75 0.75 -1 55 5 8192 -1
36 0.75 0.75 -1 67 5 8192 -1
36 1 0.25 -1 54 5 8192 -1
36 1 0.25 -1 66 5 8192 -1
36 1 0.5 -1 31 5 8192 -1
36 1 0.5 -1 35 5 8192 -1
36 1 0.5 -1 37 5 8192 -1
36 1.5 0.5 -1 31 5 8192 -1
36 1.5 0.5 -1 35 5 8192 -1
36 1.5 0.5 -1 38 5 8192 -1
36 1.5 0.5 -1 52 5 8192 -1
36 1.5 0.5 -1 64 5 8192 -1
36 2 0.5 -1 24 5 8192 -1
36 2 0.5 -1 55 5 8192 -1
36 2 0.5 -1 67 5 8192 -1
36 2.5 0.5 -1 31 5 8192 -1
36 2.5 0.5 -1 35 5 8192 -1
36 2.5 0.5 -1 37 5 8192 -1
36 2.5 0.5 -1 54 5 8192 -1
36 2.5 0.5 -1 66 5 8192 -1
36 3 0.5 -1 31 5 8192 -1
36 3 0.5 -1 35 5 8192 -1
36 3 0.5 -1 38 5 8192 -1
36 3 0.5 -1 52 5 8192 -1
36 3 0.5 -1 64 5 8192 -1
37 0.5 0.5 -1 26 5 8192 -1
37 1 0.5 -1 37 5 8192 -1
37 1 0.5 -1 41 5 8192 -1
37 1 1 -1 54 5 8192 -1
37 1 1 -1 66 5 8192 -1
37 1.5 0.5 -1 38 5 8192 -1
37 1.5 0.5 -1 42 5 8192 -1
37 1.5 0.5 -1 57 5 8192 -1
37 1.5 0.5 -1 69 5 8192 -1
37 2 0.5 -1 21 5 8192 -1
37 2.5 0.5 -1 37 5 8192 -1
37 2.5 0.5 -1 41 5 8192 -1
37 2.5 1 -1 50 5 8192 -1
37 2.5 1 -1 62 5 8192 -1
37 3 0.5 -1 38 5 8192 -1
37 3 0.5 -1 42 5 8192 -1
37 3 0.5 -1 69 5 8192 -1
38 0.25 0.25 -1 71 5 8192 -1
38 0.5 0.25 -1 69 5 8192 -1
38 0.75 0.25 -1 67 5 8192 -1
38 1 0.25 -1 66 5 8192 -1
38 1 1 -1 28 5 8192 -1
38 1 1 -1 31 5 8192 -1
38 1 1 -1 38 5 8192 -1
38 1.25 0.25 -1 64 5 8192 -1
38 1.5 0.25 -1 62 5 8192 -1
38 2 0.5 -1 61 5 8192 -1
38 2.5 1 -1 28 5 8192 -1
38 2.5 1 -1 31 5 8192 -1
38 2.5 1 -1 33 5 8192 -1
38 3 0.5 -1 57 5 8192 -1
39 0.5 0.5 -1 38 5 8192 -1
39 0.5 0.5 -1 54 5 8192 -1
39 0.5 0.5 -1 57 5 8192 -1
39 0.5 0.5 -1 62 5 8192 -1
39 1 0.5 -1 33 5 8192 -1
39 1 0.5 -1 54 5 8192 -1
39 1 0.5 -1 57 5 8192 -1
39 1 0.5 -1 62 5 8192 -1
39 1 0.5 -1 66 5 8192 -1
39 1.5 0.5 -1 30 5 8192 -1
39 1.5 0.5 -1 57 5 8192 -1
39 1.5 0.5 -1 62 5 8192 -1
39 1.5 0.5 -1 66 5 8192 -1
39 1.5 0.5 -1 69 5 8192 -1
39 2 0.5 1 26 5 8192 -1
39 2 0.5 1 62 5 8192 -1
39 2 0.5 1 66 5 8192 -1
39 2 0.5 1 69 5 8192 -1
39 2 0.5 1 74 5 8192 -1
