32
446
1 0.5 0.5 -1 37 1 8192 -1
1 0.5 0.5 -1 63 1 8192 -1
1 1 0.5 -1 49 1 8192 -1
1 1 0.5 -1 51 1 8192 -1
1 1.5 0.5 -1 44 1 8192 -1
1 1.5 0.5 -1 56 1 8192 -1
1 2 0.5 -1 49 1 8192 -1
1 2 0.5 -1 51 1 8192 -1
1 2.5 0.5 1 36 1 8192 -1
1 2.5 0.5 1 58 1 8192 -1
1 3.75 0.25 -1 56 1 8192 -1
1 4 0.25 -1 58 1 8192 -1
2 0.5 0.5 -1 34 1 8192 -1
2 0.5 0.5 -1 60 1 8192 -1
2 1 0.5 -1 44 1 8192 -1
2 1 0.5 -1 56 1 8192 -1
2 1.5 0.5 -1 48 1 8192 -1
2 1.5 0.5 -1 51 1 8192 -1
2 2 0.5 1.5 32 1 8192 -1
2 2 0.5 1.5 36 1 8192 -1
2 2 0.5 1.5 39 1 8192 -1
2 2 0.5 1 48 1 8192 -1
2 3 0.5 -1 49 1 8192 -1
2 4 1 -1 34 1 8192 -1
2 4 1 -1 37 1 8192 -1
2 4 1 -1 41 1 8192 -1
2 4 1 -1 51 1 8192 -1
3 0.5 0.5 -1 37 1 8192 -1
3 0.5 0.5 -1 63 1 8192 -1
3 1 0.5 -1 49 1 8192 -1
3 1 0.5 -1 51 1 8192 -1
3 1.5 0.5 -1 44 1 8192 -1
3 1.5 0.5 -1 56 1 8192 -1
3 2 0.5 -1 49 1 8192 -1
3 2 0.5 -1 51 1 8192 -1
3 2.5 0.5 1 36 1 8192 -1
3 2.5 0.5 1 58 1 8192 -1
3 3.75 0.25 -1 56 1 8192 -1
3 4 0.25 -1 58 1 8192 -1
4 0.5 0.5 -1 34 1 8192 -1
4 0.5 0.5 -1 60 1 8192 -1
4 1 0.5 -1 44 1 8192 -1
4 1 0.5 -1 61 1 8192 -1
4 1.5 0.5 -1 48 1 8192 -1
4 1.5 0.5 -1 60 1 8192 -1
4 2 0.5 1.5 39 1 8192 -1
4 2 0.5 1.5 43 1 8192 -1
4 2 0.5 1.5 46 1 8192 -1
4 2 0.5 1 58 1 8192 -1
4 3 0.5 -1 60 1 8192 -1
4 4 1 -1 44 1 8192 -1
4 4 1 -1 48 1 8192 -1
4 4 1 -1 51 1 8192 -1
4 4 1 -1 56 1 8192 -1
5 0.5 0.5 -1 37 1 8192 -1
5 0.5 0.5 -1 63 1 8192 -1
5 1 0.5 -1 49 1 8192 -1
5 1 0.5 -1 51 1 8192 -1
5 1.5 0.5 -1 44 1 8192 -1
5 1.5 0.5 -1 56 1 8192 -1
5 2 0.5 -1 49 1 8192 -1
5 2 0.5 -1 51 1 8192 -1
5 2.5 0.5 1 36 1 8192 -1
5 2.5 0.5 1 58 1 8192 -1
5 3.75 0.25 -1 56 1 8192 -1
5 4 0.25 -1 58 1 8192 -1
6 0.5 0.5 -1 34 1 8192 -1
6 0.5 0.5 -1 60 1 8192 -1
6 1 0.5 -1 44 1 8192 -1
6 1 0.5 -1 56 1 8192 -1
6 1.5 0.5 -1 48 1 8192 -1
6 1.5 0.5 -1 51 1 8192 -1
6 2 0.5 1.5 32 1 8192 -1
6 2 0.5 1.5 36 1 8192 -1
6 2 0.5 1.5 39 1 8192 -1
6 2 0.5 1 48 1 8192 -1
6 3 0.5 -1 49 1 8192 -1
6 4 1 -1 34 1 8192 -1
6 4 1 -1 37 1 8192 -1
6 4 1 -1 41 1 8192 -1
6 4 1 -1 51 1 8192 -1
7 0.5 0.5 -1 37 1 8192 -1
7 0.5 0.5 -1 63 1 8192 -1
7 1 0.5 -1 49 1 8192 -1
7 1 0.5 -1 51 1 8192 -1
7 1.5 0.5 -1 44 1 8192 -1
7 1.5 0.5 -1 56 1 8192 -1
7 2 0.5 -1 49 1 8192 -1
7 2 0.5 -1 51 1 8192 -1
7 2.5 0.5 1 36 1 8192 -1
7 2.5 0.5 1 58 1 8192 -1
7 3.75 0.25 -1 56 1 8192 -1
7 4 0.25 -1 58 1 8192 -1
8 0.5 0.5 -1 34 1 8192 -1
8 0.5 0.5 -1 60 1 8192 -1
8 1 0.5 -1 44 1 8192 -1
8 1 0.5 -1 61 1 8192 -1
8 1.5 0.5 -1 48 1 8192 -1
8 1.5 0.5 -1 60 1 8192 -1
8 2 0.5 1.5 39 1 8192 -1
8 2 0.5 1.5 43 1 8192 -1
8 2 0.5 1.5 46 1 8192 -1
8 2 0.5 2.5 58 1 8192 -1
8 4 1 -1 44 1 8192 -1
8 4 1 -1 48 1 8192 -1
8 4 1 -1 51 1 8192 -1
9 0.5 0.5 -1 37 1 8192 -1
9 1 0.5 -1 44 1 8192 -1
9 1.5 0.5 -1 46 1 8192 -1
9 1.5 1.5 -1 63 1 8192 -1
9 1.75 0.25 -1 51 1 8192 -1
9 2 0.25 -1 56 1 8192 -1
9 2 0.5 -1 44 1 8192 -1
9 2.5 0.5 -1 58 1 8192 -1
9 3 0.5 -1 60 1 8192 -1
9 3.125 0.125 -1 58 1 8192 -1
9 3.25 0.125 -1 60 1 8192 -1
9 3.5 0.25 -1 58 1 8192 -1
9 4 0.5 -1 56 1 8192 -1
10 0.5 0.5 -1 37 1 8192 -1
10 1 0.5 -1 44 1 8192 -1
10 1.5 0.5 -1 46 1 8192 -1
10 1.5 1.5 -1 63 1 8192 -1
10 1.75 0.25 -1 51 1 8192 -1
10 2 0.25 -1 56 1 8192 -1
10 2 0.5 -1 44 1 8192 -1
10 2.5 0.5 -1 58 1 8192 -1
10 3 0.5 -1 60 1 8192 -1
10 3.125 0.125 -1 58 1 8192 -1
10 3.25 0.125 -1 60 1 8192 -1
10 3.5 0.25 -1 58 1 8192 -1
10 4 0.5 -1 56 1 8192 -1
11 0.5 0.5 -1 32 1 8192 -1
11 1 0.5 -1 39 1 8192 -1
11 1.5 0.5 -1 44 1 8192 -1
11 1.5 1.5 -1 60 1 8192 -1
11 2 0.5 -1 39 1 8192 -1
11 2 0.5 -1 60 1 8192 -1
11 2.5 0.5 -1 34 1 8192 -1
11 2.5 0.5 -1 61 1 8192 -1
11 3 0.5 -1 41 1 8192 -1
11 3 0.5 -1 60 1 8192 -1
11 3.5 0.5 -1 46 1 8192 -1
11 3.5 0.5 -1 61 1 8192 -1
11 4 0.5 -1 41 1 8192 -1
11 4 0.5 -1 65 1 8192 -1
12 0.5 0.5 -1 36 1 8192 -1
12 1 0.5 -1 44 1 8192 -1
12 1 1 2 63 1 8192 -1
12 1.5 0.5 -1 48 1 8192 -1
12 2 0.5 1 41 1 8192 -1
12 2 0.5 1 46 1 8192 -1
12 2 0.5 1 49 1 8192 -1
12 3 0.5 -1 51 1 8192 -1
12 3.5 0.5 -1 44 1 8192 -1
12 3.5 0.5 -1 48 1 8192 -1
12 4 0.5 -1 39 1 8192 -1
12 4 0.5 -1 46 1 8192 -1
13 0.5 0.5 -1 37 1 8192 -1
13 1 0.5 -1 44 1 8192 -1
13 1.5 0.5 -1 46 1 8192 -1
13 1.5 1.5 -1 63 1 8192 -1
13 1.75 0.25 -1 51 1 8192 -1
13 2 0.25 -1 56 1 8192 -1
13 2 0.5 -1 44 1 8192 -1
13 2.5 0.5 -1 58 1 8192 -1
13 3 0.5 -1 60 1 8192 -1
13 3.125 0.125 -1 58 1 8192 -1
13 3.25 0.125 -1 60 1 8192 -1
13 3.5 0.25 -1 58 1 8192 -1
13 4 0.5 -1 56 1 8192 -1
14 0.5 0.5 -1 37 1 8192 -1
14 1 0.5 -1 44 1 8192 -1
14 1.5 0.5 -1 46 1 8192 -1
14 1.5 1.5 -1 63 1 8192 -1
14 1.75 0.25 -1 51 1 8192 -1
14 2 0.25 -1 56 1 8192 -1
14 2 0.5 -1 44 1 8192 -1
14 2.5 0.5 -1 58 1 8192 -1
14 3 0.5 -1 60 1 8192 -1
14 3.125 0.125 -1 58 1 8192 -1
14 3.25 0.125 -1 60 1 8192 -1
14 3.5 0.25 -1 58 1 8192 -1
14 4 0.5 -1 56 1 8192 -1
15 0.5 0.5 -1 32 1 8192 -1
15 1 0.5 -1 39 1 8192 -1
15 1.5 0.5 -1 44 1 8192 -1
15 1.5 1.5 -1 60 1 8192 -1
15 2 0.5 -1 36 1 8192 -1
15 2 0.5 -1 60 1 8192 -1
15 2.5 0.5 1 37 1 8192 -1
15 2.5 0.5 -1 61 1 8192 -1
15 3 0.5 -1 60 1 8192 -1
15 3.5 0.5 1 39 1 8192 -1
15 3.75 0.75 -1 58 1 8192 -1
15 4 0.25 -1 56 1 8192 -1
16 0.5 0.5 -1 32 1 8192 -1
16 1 0.5 -1 36 1 8192 -1
16 1.5 0.5 -1 39 1 8192 -1
16 2 0.5 1 44 1 8192 -1
16 3 0.5 -1 43 1 8192 -1
16 3.5 0.5 -1 39 1 8192 -1
16 4 0.5 -1 34 1 8192 -1
16 4 4 -1 56 1 8192 -1
17 0.5 0.5 -1 25 1 8192 -1
17 0.5 0.5 -1 37 1 8192 -1
17 1 0.5 -1 32 1 8192 -1
17 1 0.5 -1 44 1 8192 -1
17 1.5 0.5 -1 34 1 8192 -1
17 1.5 0.5 -1 46 1 8192 -1
17 1.5 1.5 -1 63 1 8192 -1
17 1.75 0.25 -1 51 1 8192 -1
17 2 0.25 -1 56 1 8192 -1
17 2 0.5 -1 36 1 8192 -1
17 2 0.5 -1 44 1 8192 -1
17 2.5 0.5 -1 58 1 8192 -1
17 3 0.5 -1 60 1 8192 -1
17 3.125 0.125 -1 58 1 8192 -1
17 3.25 0.125 -1 60 1 8192 -1
17 3.5 0.25 -1 58 1 8192 -1
17 4 0.5 -1 56 1 8192 -1
18 0.5 0.5 -1 25 1 8192 -1
18 0.5 0.5 -1 37 1 8192 -1
18 1 0.5 -1 32 1 8192 -1
18 1 0.5 -1 44 1 8192 -1
18 1.5 0.5 -1 34 1 8192 -1
18 1.5 0.5 -1 46 1 8192 -1
18 1.5 1.5 -1 63 1 8192 -1
18 1.75 0.25 -1 51 1 8192 -1
18 2 0.25 -1 56 1 8192 -1
18 2 0.5 -1 36 1 8192 -1
18 2 0.5 -1 44 1 8192 -1
18 2.5 0.5 -1 58 1 8192 -1
18 3 0.5 -1 32 1 8192 -1
18 3 0.5 -1 60 1 8192 -1
18 3.125 0.125 -1 58 1 8192 -1
18 3.25 0.125 -1 60 1 8192 -1
18 3.5 0.25 -1 58 1 8192 -1
18 3.5 0.5 -1 31 1 8192 -1
18 4 0.5 -1 27 1 8192 -1
18 4 0.5 -1 56 1 8192 -1
19 0.5 0.5 -1 20 1 8192 -1
19 1 0.5 -1 24 1 8192 -1
19 1.5 0.5 -1 27 1 8192 -1
19 1.5 0.5 -1 32 1 8192 -1
19 1.5 1.5 -1 60 1 8192 -1
19 2 0.5 -1 24 1 8192 -1
19 2 0.5 -1 60 1 8192 -1
19 2.5 0.5 -1 22 1 8192 -1
19 2.5 0.5 -1 61 1 8192 -1
19 3 0.5 -1 25 1 8192 -1
19 3 0.5 -1 60 1 8192 -1
19 3.5 0.5 -1 29 1 8192 -1
19 3.5 0.5 -1 34 1 8192 -1
19 3.5 0.5 -1 61 1 8192 -1
19 4 0.5 -1 25 1 8192 -1
19 4 0.5 -1 65 1 8192 -1
20 0.5 0.5 -1 24 1 8192 -1
20 0.5 0.5 -1 36 1 8192 -1
20 1 0.5 -1 27 1 8192 -1
20 1 0.5 -1 44 1 8192 -1
20 1.5 0.5 -1 32 1 8192 -1
20 1.5 0.5 -1 48 1 8192 -1
20 2 0.5 1 37 1 8192 -1
20 2 0.5 1 41 1 8192 -1
20 2 0.5 1 46 1 8192 -1
20 2 0.5 1 49 1 8192 -1
20 3 0.5 -1 36 1 8192 -1
20 3 0.5 -1 51 1 8192 -1
20 3.5 0.5 -1 32 1 8192 -1
20 3.5 0.5 -1 44 1 8192 -1
20 3.5 0.5 -1 48 1 8192 -1
20 4 0.5 -1 27 1 8192 -1
20 4 0.5 -1 39 1 8192 -1
20 4 0.5 -1 46 1 8192 -1
20 4 4 -1 63 1 8192 -1
21 0.5 0.5 -1 25 1 8192 -1
21 0.5 0.5 -1 37 1 8192 -1
21 1 0.5 -1 32 1 8192 -1
21 1 0.5 -1 44 1 8192 -1
21 1.5 0.5 -1 34 1 8192 -1
21 1.5 0.5 -1 46 1 8192 -1
21 1.5 1.5 -1 63 1 8192 -1
21 1.75 0.25 -1 51 1 8192 -1
21 2 0.25 -1 56 1 8192 -1
21 2 0.5 -1 36 1 8192 -1
21 2 0.5 -1 44 1 8192 -1
21 2.5 0.5 -1 58 1 8192 -1
21 3 0.5 -1 60 1 8192 -1
21 3.125 0.125 -1 58 1 8192 -1
21 3.25 0.125 -1 60 1 8192 -1
21 3.5 0.25 -1 58 1 8192 -1
21 4 0.5 -1 56 1 8192 -1
22 0.5 0.5 -1 25 1 8192 -1
22 0.5 0.5 -1 37 1 8192 -1
22 1 0.5 -1 32 1 8192 -1
22 1 0.5 -1 44 1 8192 -1
22 1.5 0.5 -1 34 1 8192 -1
22 1.5 0.5 -1 46 1 8192 -1
22 1.5 1.5 -1 63 1 8192 -1
22 1.75 0.25 -1 51 1 8192 -1
22 2 0.25 -1 56 1 8192 -1
22 2 0.5 -1 36 1 8192 -1
22 2 0.5 -1 44 1 8192 -1
22 2.5 0.5 -1 58 1 8192 -1
22 3 0.5 -1 32 1 8192 -1
22 3 0.5 -1 60 1 8192 -1
22 3.125 0.125 -1 58 1 8192 -1
22 3.25 0.125 -1 60 1 8192 -1
22 3.5 0.25 -1 58 1 8192 -1
22 3.5 0.5 -1 31 1 8192 -1
22 4 0.5 -1 27 1 8192 -1
22 4 0.5 -1 56 1 8192 -1
23 0.5 0.5 -1 20 1 8192 -1
23 1 0.5 -1 24 1 8192 -1
23 1.5 0.5 -1 27 1 8192 -1
23 1.5 0.5 -1 32 1 8192 -1
23 1.5 1.5 -1 60 1 8192 -1
23 2 0.5 -1 24 1 8192 -1
23 2 0.5 -1 60 1 8192 -1
23 2.5 0.5 1 22 1 8192 -1
23 2.5 0.5 1 25 1 8192 -1
23 2.5 0.5 -1 61 1 8192 -1
23 3 0.5 -1 60 1 8192 -1
23 3.5 0.5 1 22 1 8192 -1
23 3.5 0.5 1 27 1 8192 -1
23 3.75 0.75 -1 58 1 8192 -1
23 4 0.25 -1 56 1 8192 -1
24 0.5 0.5 -1 20 1 8192 -1
24 0.5 0.5 -1 34 1 8192 -1
24 1 0.5 -1 27 1 8192 -1
24 1 0.5 -1 36 1 8192 -1
24 1.5 0.5 -1 32 1 8192 -1
24 1.5 0.5 -1 39 1 8192 -1
24 2 0.5 1 37 1 8192 -1
24 2 0.5 1 44 1 8192 -1
24 3 0.5 -1 34 1 8192 -1
24 3 0.5 -1 43 1 8192 -1
24 3.5 0.5 -1 32 1 8192 -1
24 3.5 0.5 -1 39 1 8192 -1
24 4 0.5 -1 27 1 8192 -1
24 4 0.5 -1 34 1 8192 -1
24 4 4 -1 56 1 8192 -1
25 1 0.5 -1 51 1 8192 -1
25 1.5 0.5 -1 51 1 8192 -1
25 1.5 1.5 -1 24 1 8192 -1
25 1.5 1.5 -1 27 1 8192 -1
25 1.5 1.5 -1 36 1 8192 -1
25 2 0.5 1.5 24 1 8192 -1
25 2 0.5 1.5 27 1 8192 -1
25 2 0.5 1.5 36 1 8192 -1
25 2 0.5 -1 51 1 8192 -1
25 2.5 0.5 -1 51 1 8192 -1
25 3 0.5 -1 49 1 8192 -1
25 3.5 0.5 -1 48 1 8192 -1
25 4 0.5 -1 49 1 8192 -1
25 4 1 -1 24 1 8192 -1
25 4 1 -1 27 1 8192 -1
25 4 1 -1 36 1 8192 -1
26 1 1 -1 51 1 8192 -1
26 1.5 1.5 -1 25 1 8192 -1
26 1.5 1.5 -1 32 1 8192 -1
26 1.5 1.5 -1 39 1 8192 -1
26 2 0.5 1.5 25 1 8192 -1
26 2 0.5 1.5 32 1 8192 -1
26 2 0.5 1.5 39 1 8192 -1
26 2 1 -1 56 1 8192 -1
26 3 1 2 51 1 8192 -1
26 4 1 -1 25 1 8192 -1
26 4 1 -1 32 1 8192 -1
26 4 1 -1 39 1 8192 -1
27 1 0.5 -1 63 1 8192 -1
27 1.5 0.5 -1 63 1 8192 -1
27 1.5 1.5 -1 24 1 8192 -1
27 1.5 1.5 -1 31 1 8192 -1
27 1.5 1.5 -1 34 1 8192 -1
27 2 0.5 1.5 24 1 8192 -1
27 2 0.5 1.5 31 1 8192 -1
27 2 0.5 1.5 34 1 8192 -1
27 2 0.5 -1 63 1 8192 -1
27 2.5 0.5 -1 63 1 8192 -1
27 3 0.5 -1 61 1 8192 -1
27 3.5 0.5 -1 60 1 8192 -1
27 4 0.5 -1 61 1 8192 -1
27 4 1 -1 24 1 8192 -1
27 4 1 -1 31 1 8192 -1
27 4 1 -1 34 1 8192 -1
28 0.5 0.5 -1 27 1 8192 -1
28 0.5 0.5 -1 31 1 8192 -1
28 0.5 0.5 -1 39 1 8192 -1
28 0.5 0.5 -1 63 1 8192 -1
28 1 0.5 -1 56 1 8192 -1
28 1.5 0.5 -1 55 1 8192 -1
28 2 0.5 1 29 1 8192 -1
28 2 0.5 1 32 1 8192 -1
28 2 0.5 1 39 1 8192 -1
28 2 0.5 2.5 56 1 8192 -1
28 3 0.5 -1 31 1 8192 -1
28 4 1 -1 29 1 8192 -1
28 4 1 -1 32 1 8192 -1
28 4 1 -1 39 1 8192 -1
29 1 0.5 -1 51 1 8192 -1
29 1.5 0.5 -1 51 1 8192 -1
29 1.5 1.5 -1 24 1 8192 -1
29 1.5 1.5 -1 27 1 8192 -1
29 1.5 1.5 -1 36 1 8192 -1
29 2 0.5 1.5 24 1 8192 -1
29 2 0.5 1.5 27 1 8192 -1
29 2 0.5 1.5 36 1 8192 -1
29 2 0.5 -1 51 1 8192 -1
29 2.5 0.5 -1 51 1 8192 -1
29 3 0.5 -1 49 1 8192 -1
29 3.5 0.5 -1 48 1 8192 -1
29 4 0.5 -1 49 1 8192 -1
29 4 1 -1 24 1 8192 -1
29 4 1 -1 27 1 8192 -1
29 4 1 -1 36 1 8192 -1
30 1 1 -1 51 1 8192 -1
30 1.5 1.5 -1 25 1 8192 -1
30 1.5 1.5 -1 32 1 8192 -1
30 1.5 1.5 -1 39 1 8192 -1
30 2 0.5 1.5 25 1 8192 -1
30 2 0.5 1.5 32 1 8192 -1
30 2 0.5 1.5 39 1 8192 -1
30 2 1 -1 56 1 8192 -1
30 3 1 -1 51 1 8192 -1
30 3.75 0.25 -1 56 1 8192 -1
30 4 0.25 -1 58 1 8192 -1
30 4 1 -1 25 1 8192 -1
30 4 1 -1 32 1 8192 -1
30 4 1 -1 39 1 8192 -1
31 0.5 0.5 -1 60 1 8192 -1
31 1 0.5 -1 60 1 8192 -1
31 1.5 0.5 -1 60 1 8192 -1
31 2 0.5 -1 60 1 8192 -1
31 2.5 0.5 -1 60 1 8192 -1
31 3 0.5 -1 58 1 8192 -1
31 3 3 -1 34 1 8192 -1
31 3 3 -1 44 1 8192 -1
31 3.5 0.5 -1 60 1 8192 -1
31 4 0.5 -1 65 1 8192 -1
31 4 1 -1 37 1 8192 -1
31 4 1 -1 44 1 8192 -1
32 4 4 -1 27 1 8192 -1
32 4 4 -1 34 1 8192 -1
32 4 4 -1 63 1 8192 -1
